id,Classic,Deal,Flex,Saver
73831,0.00021187045195291285,0.9222296338910857,1.996546899663336e-05,0.07753853018796489
73832,0.0015665802467575288,0.553845914550485,0.0004161850639246465,0.44417132013883287
73833,0.0001943772982073896,0.9810251959312207,0.00012532991580781265,0.01865509685476416
73834,0.6606695947541847,0.05678591344707764,0.10745339299818754,0.17509109880054985
73835,0.01735107742433124,0.35340457026327093,0.0038933035852368523,0.6253510487271609
73836,0.008535180729698045,0.6756976793171026,0.0011271502409162235,0.3146399897122832
73837,0.7804644384734756,0.015949260860230813,0.13679111741358108,0.06679518325271239
73838,0.6892062513756794,0.021006238658684655,0.16177072691756936,0.12801678304806668
73839,0.7272375811044204,0.0357876353703283,0.07832900482438933,0.15864577870086222
73840,0.11196338884033441,0.16380008276072652,0.0396808157023936,0.6845557126965458
73841,0.6344763110778564,0.1025224561145346,0.07880774860751201,0.18419348420009696
73842,0.6955264685656202,0.010065812855338254,0.2122413595557539,0.08216635902328778
73843,0.13749890415464366,0.14865615588970313,0.060357237531632524,0.6534877024240204
73844,0.7499689432629363,0.031278110362879454,0.09318474206037373,0.12556820431381055
73845,0.176108816813652,0.14643396129978903,0.08306157581679578,0.5943956460697628
73846,0.021096861224171818,0.556671259061513,0.0052367452766671355,0.41699513443764763
73847,0.003374369572925778,0.5843457005328674,0.0008663435509517056,0.41141358634325487
73848,0.740588412797246,0.03854292771140997,0.1112993543417623,0.10956930514958202
73849,0.7438514788505909,0.041515763927564925,0.10437613181393887,0.11025662540790526
73850,0.8223933179532992,0.014518091888752747,0.1219345249561277,0.04115406520182047
73851,0.6686881052660115,0.05651927325734718,0.12213061209356292,0.15266200938307828
73852,0.764269814990471,0.019715747662004613,0.1206766189800861,0.09533781836743835
73853,0.7319511684968018,0.005325169718932495,0.2289670027163647,0.03375665906790103
73854,0.2882745580027441,0.11902134073054785,0.12769710506092932,0.46500699620577884
73855,0.5729885553935823,0.047886706867135406,0.111636529132378,0.26748820860690387
73856,0.00907309890935243,0.6404862481385759,0.0017075857108466927,0.34873306724122527
73857,3.993969248515676e-05,0.7774152876653522,4.705727727015544e-06,0.22254006691443565
73858,1.2504016943290593e-05,0.8001848898973223,1.2020857210206584e-06,0.19980140400001375
73859,0.7088779393004649,0.02277846225223403,0.14291567769440505,0.12542792075289638
73860,0.2858849853750641,0.20827770892347355,0.034807186627037946,0.4710301190744242
73861,0.0024310890235076637,0.5460172756752564,0.0006792515515448321,0.450872383749691
73862,0.05138853575522434,0.5329827825196665,0.007973052069335395,0.4076556296557735
73863,0.7394516382799601,0.023529818583891245,0.12104415151814864,0.11597439161800042
73864,0.7845486493269127,0.019290311325631044,0.146013391347887,0.05014764799956933
73865,0.0013642727558590322,0.6510189443910824,0.0005869844519631672,0.34702979840109527
73866,0.713281695551231,0.00925253048695329,0.19951087887971292,0.07795489508210261
73867,0.015960195497518075,0.6469830178902214,0.003028094774481125,0.3340286918377798
73868,0.031297199371447405,0.3132633801559031,0.006887940981515589,0.6485514794911342
73869,0.00043866302054608696,0.7448335459152943,5.383091762982361e-05,0.25467396014652954
73870,0.04915263274986896,0.46354582832733754,0.012521810002296734,0.47477972892049675
73871,0.5457174911512365,0.10575924635578604,0.06043713164028745,0.2880861308526898
73872,0.005585724405612356,0.468845506692019,0.0009462137784720359,0.5246225551238966
73873,0.014450569019841148,0.5247116720542534,0.0018727020598950392,0.4589650568660105
73874,0.012858541552609098,0.4430658632073669,0.002184118014786325,0.541891477225238
73875,3.7992010512740314e-05,0.7767732240912786,3.887628747413975e-06,0.22318489626946147
73876,0.726833402455361,0.047623259930350575,0.06055062505472689,0.16499271255956155
73877,0.47502241418693203,0.05829061138637216,0.15811968626205894,0.308567288164637
73878,0.43243799011901307,0.05923241792102443,0.1479372738821936,0.3603923180777692
73879,0.7460915251988501,0.026843007833080242,0.10802348326262332,0.11904198370544601
73880,0.6995459052129394,0.008910949440282059,0.23002680693778782,0.061516338408991025
73881,0.764269814990471,0.019715747662004613,0.1206766189800861,0.09533781836743835
73882,0.03342589937632616,0.3659306128954401,0.00658944346322962,0.5940540442650041
73883,0.7716443385345121,0.015531683705118633,0.1513605724663517,0.06146340529401761
73884,0.03414271651493662,0.7185603882868827,0.009537145822400176,0.2377597493757805
73885,0.6385509199701679,0.022796957881593048,0.20098280347197484,0.13766931867626456
73886,0.0014974093544624129,0.7274119539302388,0.00020336762091402997,0.27088726909438493
73887,7.723071828813227e-05,0.9437793186177632,4.981886865002216e-06,0.05613846877708347
73888,0.0009691561746284822,0.7016936524628379,0.0001243355953172172,0.2972128557672162
73889,0.0426313403549249,0.49438323815540236,0.00552751296087921,0.45745790852879337
73890,2.6546010205348644e-05,0.9932799229948024,1.80212250551073e-05,0.006675509769937176
73891,2.3415109306402903e-05,0.8413710644814963,2.3484644174119914e-06,0.15860317194477935
73892,0.00970239576445938,0.4838188669157215,0.001471754735430121,0.5050069825843889
73893,0.0010821808288766267,0.6424912233053548,0.000236872903115782,0.3561897229626528
73894,0.7402256691457052,0.03351895625744983,0.12020302399206384,0.10605235060478091
73895,0.8233331064729694,0.011484250511886486,0.13202973828450185,0.03315290473064202
73896,0.7442310499198138,0.025673293974360724,0.11204649471443404,0.11804916139139097
73897,0.7050669921947033,0.03372476697930186,0.14575760635030294,0.11545063447569173
73898,0.7879941738074516,0.0038319364420314078,0.19692440579102377,0.011249483959493373
73899,0.7998664322397987,0.005972749246975898,0.17847819251649755,0.015682625996727904
73900,0.5417764177213262,0.036333887707052086,0.18591658989018003,0.23597310468144161
73901,0.0249611601966575,0.5063540499158686,0.003550818047559596,0.4651339718399142
73902,0.26430651434559815,0.20013966311789383,0.052803880045920244,0.4827499424905874
73903,0.7859775704488229,0.020561131773174323,0.14106381380138078,0.05239748397662243
73904,0.010248163548605005,0.5304503900253233,0.0020182368111744814,0.45728320961489705
73905,0.6332929417052161,0.03766186199902006,0.16007648652894754,0.16896870976681644
73906,0.014521824391139724,0.401310603411422,0.00457076890814223,0.5795968032892962
73907,0.29786019573125666,0.1486822048831359,0.03714635644649703,0.5163112429391107
73908,0.7402256691457052,0.03351895625744983,0.12020302399206384,0.10605235060478091
73909,0.7136350907152315,0.04427793492032895,0.10994261119767443,0.13214436316676523
73910,0.45080750397944114,0.10371208991643509,0.09482712986723726,0.3506532762368866
73911,0.7132371400733392,0.008250857229094731,0.2261922474420207,0.052319755255545594
73912,0.7100985879638864,0.005885716529420289,0.23682783286605472,0.04718786264063848
73913,0.7633100407518014,0.003297963388556449,0.21587662424528298,0.01751537161435903
73914,0.6812233343208427,0.04020443529889426,0.13350683762780094,0.14506539275246208
73915,0.3414729483135592,0.14426386186544465,0.06402105078562673,0.450242139035369
73916,0.0006651108700480039,0.6851457505393572,8.17546014333148e-05,0.3141073839891613
73917,0.00028430580664224486,0.7482348978694436,0.00025808279987350036,0.2512227135240405
73918,0.049223535046041794,0.6123095086692143,0.006894450827814959,0.33157250545692907
73919,0.0028586483336780926,0.7685901255954081,0.00045383396027806356,0.22809739211063582
73920,3.7992010512740314e-05,0.7767732240912786,3.887628747413975e-06,0.22318489626946147
73921,0.0192528459404001,0.5236205681341488,0.004509468124812453,0.45261711780063846
73922,0.07038327214875584,0.24102216698273563,0.017947548834323604,0.6706470120341848
73923,0.8069472903989436,0.009424020559306875,0.15483129261366013,0.028797396428089286
73924,0.10075918041186842,0.4605052048951197,0.018387651547222647,0.4203479631457891
73925,0.004569679104755192,0.7405651664908127,0.0008120240571122767,0.2540531303473197
73926,0.20714450134086096,0.2303643003353001,0.07019202697317474,0.4922991713506646
73927,0.7668247818147289,0.03278557948305915,0.07143035911499379,0.1289592795872183
73928,0.022046543498583912,0.3541192929215168,0.004345064106542981,0.6194890994733566
73929,0.029599483337795395,0.5485941370792858,0.007597610922633068,0.41420876866028566
73930,0.43387869117202316,0.12534016617249424,0.06574680459291511,0.37503433806256764
73931,0.02069174839796576,0.46937259673836335,0.0029835544836476096,0.5069521003800233
73932,2.153264520961886e-06,0.9607260057311666,2.3715566914146453e-07,0.03927160384864313
73933,0.565233843139425,0.08009620840263426,0.07003107089068375,0.28463887756725686
73934,0.42433869267585106,0.1630670457508239,0.11338554404234055,0.29920871753098477
73935,0.0022421220621062624,0.6045371538435924,0.0002756176752489712,0.3929451064190522
73936,0.7962929446826127,0.0100895375379759,0.14514373782961631,0.04847377994979505
73937,0.02580030996319439,0.3626392186622258,0.004699529919066948,0.6068609414555128
73938,0.056411127230941605,0.4243050570869495,0.015600812544435717,0.503683003137673
73939,0.81792558066505,0.007835687547183605,0.1550636797730226,0.019175052014743676
73940,0.025445988967239905,0.3731474175554768,0.006942221792740931,0.5944643716845421
73941,0.08389112194928634,0.5369176072001958,0.012701861506461534,0.3664894093440564
73942,0.00011420709070560363,0.9324283419522722,7.971756672865647e-06,0.0674494792003493
73943,8.384605409557555e-05,0.7301699667794236,1.2302393266570513e-05,0.2697338847732144
73944,0.0004026384342497979,0.9721302068100969,0.0002574575247303315,0.027209697230922987
73945,0.6102316537994175,0.025977050071843234,0.1876093684162195,0.17618192771252011
73946,0.42433869267585106,0.1630670457508239,0.11338554404234055,0.29920871753098477
73947,0.7832117548367522,0.013321778461683689,0.15257800362260224,0.050888463078962005
73948,0.6094102240944878,0.07819047160364036,0.12776168201126095,0.18463762229061062
73949,0.38148452007289224,0.0737480856560617,0.12385902975460593,0.42090836451644026
73950,0.29609488183259774,0.1522171306722673,0.03849415122041878,0.513193836274716
73951,9.373909440985094e-05,0.9408382024936291,6.567600564273772e-06,0.05906149081139672
73952,0.165457956779718,0.15020784102431933,0.07337183833261438,0.6109623638633482
73953,0.7800077018605122,0.01298196902639259,0.14543256120076153,0.061577767912334054
73954,0.7781519065624678,0.018380786551243863,0.126130548380556,0.07733675850573245
73955,0.7420106380093133,0.02457114002046476,0.11638684910980111,0.11703137286042105
73956,0.7679196009351141,0.006425601004785729,0.19500345334984281,0.030651344710257142
73957,0.012818163644487951,0.4155128215601255,0.004709773758132851,0.5669592410372537
73958,0.774087397670341,0.014396208604804825,0.13433906848773128,0.0771773252371229
73959,0.7612712003626393,0.018854968734760825,0.12534347838616516,0.09453035251643464
73960,0.772107510068528,0.004647641296315337,0.20079500609015377,0.02244984254500312
73961,0.07726027266906833,0.5512180153952109,0.011684518285266798,0.359837193650454
73962,0.039033810543568394,0.6131777921609242,0.006121381015824878,0.3416670162796826
73963,0.038107749611508174,0.6129318946753964,0.005621770781506419,0.34333858493158864
73964,0.786137702142032,0.009649047494093099,0.17956904373811175,0.024644206625762964
73965,1.4570890980209809e-05,0.7911502617427507,1.2937972399389983e-06,0.20883387356902877
73966,0.7086192768327972,0.023114682036655374,0.15036033041711835,0.11790571071342884
73967,0.8011641517729126,0.0069266099105539415,0.1645332456625526,0.02737599265398086
73968,0.1288187219128811,0.21050112223788264,0.046980750090518344,0.6136994057587182
73969,0.11893647364537009,0.43327745748014207,0.012461204850907119,0.43532486402358067
73970,0.1741685695003162,0.33527912520312436,0.023276395813865314,0.46727590948269404
73971,0.8203443673043062,0.006238678479337982,0.15421834747428204,0.0191986067420738
73972,0.43021278928248535,0.11186621633345857,0.04526571288481005,0.4126552814992461
73973,0.812712264649395,0.007098164372704012,0.1608513491280842,0.019338221849816897
73974,0.04973628817548972,0.4004518655235546,0.015122980964375577,0.53468886533658
73975,0.7319511684968018,0.005325169718932495,0.2289670027163647,0.03375665906790103
73976,0.3499672553763054,0.257855873520837,0.0546294943919837,0.33754737671087404
73977,0.7904317820407784,0.004917556509298378,0.17929457376149546,0.025356087688427578
73978,0.7623261517096255,0.003305664076318657,0.22646906018155583,0.007899124032500175
73979,0.0096738283635872,0.4642783241390337,0.0016034571908719187,0.5244443903065071
73980,0.75745309707734,0.009507448273741965,0.17183666240242257,0.061202792246495476
73981,0.7528961616954125,0.036853873282849774,0.11674598921035137,0.09350397581138649
73982,0.7808448008068133,0.015801539764291838,0.12479317821413236,0.07856048121476236
73983,0.7410888500344591,0.006311353856311365,0.2402572574973422,0.0123425386118874
73984,0.7288828878337066,0.007898268861597791,0.21724936963181088,0.0459694736728848
73985,0.5900408524391231,0.10041642475637697,0.11773683372711043,0.19180588907738955
73986,0.7857974607348658,0.02469045235573767,0.08649381338064015,0.10301827352875643
73987,0.0002806615718143239,0.6955229779623453,0.00010007848939129107,0.30409628197644895
73988,0.7239637394213185,0.005583001813104296,0.23189818379712282,0.038555074968454194
73989,0.008375535796408139,0.6023453531856072,0.001498788994920546,0.3877803220230638
73990,0.04030669690839889,0.6962234768125313,0.010594403170750088,0.2528754231083197
73991,0.0003826067973270656,0.8731068099086398,5.638511146477209e-05,0.12645419818256856
73992,0.010332403160589618,0.41613286932801635,0.0018864830863070754,0.5716482444250871
73993,5.693522667179342e-07,0.9989786917420288,3.7877744453855895e-07,0.0010203601282597495
73994,0.02219954977343291,0.34262466101751565,0.005272038934919301,0.629903750274132
73995,0.0018940359600706186,0.6530664797405605,0.00038614680181477774,0.34465333749755406
73996,0.015533105273245149,0.4769375559304231,0.002188403462338486,0.505340935333993
73997,0.8210032306672201,0.014090630341415385,0.12644453337591993,0.038461605615444594
73998,0.08169174669577674,0.38301812811375613,0.012664785015824855,0.5226253401746425
73999,0.07744523183190398,0.3499047748905584,0.011593779452542597,0.5610562138249947
74000,0.3431102962341553,0.17178051365897296,0.03027934248957435,0.45482984761729717
74001,0.17176259586691028,0.3652676555869122,0.04753209288389543,0.41543765566228213
74002,0.7072504707434202,0.012139620692299187,0.1920672169419987,0.08854269162228198
74003,0.10487214786330978,0.2628327677031765,0.01775284965838276,0.6145422347751309
74004,0.7728889327330436,0.005148332677706244,0.1967172644673943,0.025245470121856003
74005,0.52843709724161,0.08288782970477789,0.09371791774138136,0.2949571553122309
74006,0.05353602905418008,0.24350352030436792,0.01726976894838321,0.6856906816930687
74007,0.035510585932487335,0.4073533824099925,0.005188528111515509,0.5519475035460043
74008,0.011289866049941411,0.6493533205617111,0.002298861539830635,0.3370579518485169
74009,0.6240534269270179,0.06941744397188357,0.05605630868209557,0.25047282041900293
74010,0.0002058244551190007,0.6968898362596038,2.4803878006512028e-05,0.30287953540727075
74011,0.0020382418699525077,0.5228884631354296,0.00035724992961097486,0.47471604506500703
74012,3.178037344927122e-05,0.9507840817320147,1.403118158911478e-06,0.04918273477637697
74013,0.010898951503022666,0.39593510796826076,0.0021497983572435595,0.591016142171473
74014,8.108174521040154e-05,0.7284409235474588,8.896390045544327e-06,0.27146909831728505
74015,3.0394654337203145e-05,0.9924223502896751,1.8393038796971053e-05,0.007528862017190944
74016,0.03663686499245909,0.5791315965235726,0.003501761722966566,0.3807297767610017
74017,0.02448381666606028,0.6651588171436332,0.003309970832908795,0.30704739535739767
74018,0.02541332740066413,0.36434730426905143,0.004614036136173804,0.6056253321941105
74019,0.7772638632566904,0.03418487368388173,0.08275480004794097,0.10579646301148711
74020,0.0004168574397305801,0.7042689055846051,5.3407601216974045e-05,0.29526082937444736
74021,0.7222479600424038,0.00541044598869037,0.22465806767832022,0.04768352629058588
74022,0.00044586343364682153,0.8745402180888242,4.269794734447053e-05,0.12497122053018428
74023,7.020934336285989e-05,0.8489479609778458,8.614914397152456e-06,0.15097321476439438
74024,0.0009320014713480472,0.8146970111817132,0.0003837205582690337,0.18398726678866947
74025,0.6849382330591187,0.041716907022954046,0.09786849950529451,0.17547636041263265
74026,0.00011168584732235361,0.8840589307611727,3.784929237956022e-05,0.11579153409912557
74027,0.01959442885097548,0.5065297190622592,0.0037911136429311988,0.47008473844383436
74028,0.00011031434757614049,0.986013566319567,7.360992271402272e-05,0.013802509410142617
74029,0.010661134002734676,0.7621717897972712,0.007443047653614015,0.21972402854638023
74030,0.0014359825841746747,0.625631146461069,0.000330226144849002,0.3726026448099073
74031,0.7460915251988501,0.026843007833080242,0.10802348326262332,0.11904198370544601
74032,8.036895595483564e-05,0.9035800940958663,6.33100157343839e-06,0.09633320594660541
74033,0.4081105437339863,0.0674286513101471,0.09639579259547235,0.4280650123603944
74034,0.15156138435683839,0.3042268577502339,0.040389299794598196,0.5038224580983298
74035,0.7221062703789125,0.021770715628156738,0.1644195869494419,0.09170342704348897
74036,0.7775999630770577,0.01508164666948652,0.1294165225963768,0.07790186765707896
74037,0.19512223535098824,0.21073475412851483,0.02283281509884888,0.5713101954216478
74038,0.2520896176957947,0.12714389912313953,0.06104321821420822,0.5597232649668574
74039,0.000412502685987298,0.8720403233009142,3.710303962782075e-05,0.1275100709734708
74040,0.010204449201915457,0.4308465655359267,0.0017438372336630922,0.5572051480284949
74041,0.6713512125626621,0.03634213271820715,0.1012210974312851,0.19108555728784593
74042,0.0015839138394134122,0.5960735558052953,0.00035502862714812517,0.4019875017281433
74043,0.7286768247696912,0.04234063634084506,0.06657240775691368,0.16241013113255012
74044,0.009281141747594472,0.505139478682277,0.0011945231671122714,0.4843848564030163
74045,0.7177055317761141,0.04106741476211624,0.0807872295389495,0.16043982392281989
74046,0.016869359723637484,0.3751085223968372,0.0032468831665595165,0.6047752347129661
74047,0.005390260314166288,0.7719170074312115,0.005088140513101232,0.21760459174152114
74048,0.7781519065624678,0.018380786551243863,0.126130548380556,0.07733675850573245
74049,0.3961832508041604,0.14690523101849268,0.11900282736397459,0.3379086908133724
74050,0.43417541017486955,0.11445118829400998,0.05677447290175584,0.39459892862936463
74051,0.25727696426576957,0.20452777240628395,0.08386133776609608,0.4543339255618504
74052,0.048118628994207636,0.36863274482045105,0.012184183342218985,0.5710644428431223
74053,0.14117244444741564,0.18906487191150997,0.028488408368893506,0.6412742752721807
74054,0.7394510720199732,0.005067549916706134,0.2093565550893493,0.04612482297397136
74055,0.060309370420525636,0.30596596798224945,0.018742737831307855,0.6149819237659169
74056,8.108174521040154e-05,0.7284409235474588,8.896390045544327e-06,0.27146909831728505
74057,0.0033971028907718434,0.7890734079048166,0.00546912937736042,0.20206035982705103
74058,0.007857664414457592,0.48836902063700083,0.0011132657174380421,0.5026600492311037
74059,0.221650821042295,0.20291260288511062,0.08557747979681654,0.48985909627577784
74060,0.39871415245770137,0.07696924039917344,0.07789097848093628,0.44642562866218866
74061,0.7834016939865251,0.01614989951751564,0.16817194473084238,0.032276461765116796
74062,0.7937606903170763,0.004633055782936441,0.187897286191484,0.013708967708503224
74063,0.0911825767409896,0.2622777182030833,0.02234542757710166,0.6241942774788255
74064,0.8074059189971413,0.008121826154144113,0.15240461958382906,0.03206763526488547
74065,0.704841527583761,0.018193299557663297,0.16045511604770019,0.11651005681087553
74066,0.1251620258126445,0.3112696772115477,0.02243090436808561,0.5411373926077226
74067,0.00048234504628833337,0.7510163169382663,0.00035460756295638203,0.24814673045248897
74068,0.19498048559861697,0.13927789112982078,0.07967047546031325,0.5860711478112488
74069,0.2202576451039508,0.13256389462170676,0.10086436356945506,0.5463140967048872
74070,0.7962929446826127,0.0100895375379759,0.14514373782961631,0.04847377994979505
74071,0.00016990617251449514,0.9151714871265816,1.2574114812709623e-05,0.08464603258609124
74072,0.7247392968124472,0.0068593911997641265,0.20746254952591583,0.06093876246187282
74073,0.7394510720199732,0.005067549916706134,0.2093565550893493,0.04612482297397136
74074,0.006911997179328314,0.6980241998395862,0.0013314296527886494,0.2937323733282968
74075,0.0006637726931641793,0.6857988900332096,8.67429285754292e-05,0.3134505943450508
74076,0.692767800109345,0.017387454989691357,0.1994933245333794,0.09035142036758424
74077,0.7173414330447252,0.03788390504292071,0.09381778220497855,0.15095687970737537
74078,0.8066643377012942,0.01949972192956045,0.1219201689389578,0.05191577143018757
74079,0.000169392178419367,0.7553056542140483,1.8956433412695395e-05,0.2445059971741196
74080,0.6852379338033463,0.011018847092864045,0.22220499799449303,0.08153822110929648
74081,0.6872518698242152,0.014632231073262688,0.19272247406069307,0.10539342504182879
74082,0.043492834509191704,0.45155843356492553,0.01154331450328294,0.4934054174225998
74083,0.23381700816135295,0.1314944290852175,0.11028984293790356,0.5243987198155257
74084,0.18362187555878073,0.13421653837649475,0.07957723151739464,0.60258435454733
74085,0.8107285400982069,0.008249121242629085,0.14477785236831764,0.03624448629084633
74086,0.72123082583255,0.01268448034052072,0.20118656510201793,0.0648981287249116
74087,0.7952058572799395,0.02110678508259222,0.13261264234412398,0.05107471529334406
74088,0.7204355724602383,0.004702494012759703,0.24071231709137753,0.034149616435624655
74089,0.5611651702392145,0.03489698019286339,0.19444354600043107,0.20949430356749107
74090,0.008375535796408139,0.6023453531856072,0.001498788994920546,0.3877803220230638
74091,0.2733807479901231,0.09688903762439302,0.09898908933338826,0.5307411250520956
74092,0.004431023775239382,0.7580160369173573,0.004383855352743206,0.23316908395466
74093,8.108174521040154e-05,0.7284409235474588,8.896390045544327e-06,0.27146909831728505
74094,8.108174521040154e-05,0.7284409235474588,8.896390045544327e-06,0.27146909831728505
74095,0.00011435494647916189,0.8829582965110438,2.9296327495113627e-05,0.11689805221498203
74096,0.6854144980250414,0.023365400286266318,0.14702392153849422,0.144196180150198
74097,0.0013601842421495157,0.6749348622991668,0.00021898806617978524,0.32348596539250374
74098,0.7495714393679911,0.03416260867201458,0.12939268228915043,0.08687326967084376
74099,0.769133917690453,0.007950972853691101,0.18396367279829517,0.03895143665756036
74100,0.7772638632566904,0.03418487368388173,0.08275480004794097,0.10579646301148711
74101,0.004812234334546683,0.4388762485357137,0.0009787621672098558,0.5553327549625299
74102,0.7427963856582223,0.03428560431863467,0.13676726288504434,0.08615074713809918
74103,0.7278466214458054,0.0069177844422705324,0.2045054271257503,0.060730166986173416
74104,0.7427963856582223,0.03428560431863467,0.13676726288504434,0.08615074713809918
74105,0.713281695551231,0.00925253048695329,0.19951087887971292,0.07795489508210261
74106,0.7281859502945646,0.008919163446173311,0.18993078544833136,0.07296410081093081
74107,0.7418345431463115,0.03670324161436741,0.1309098259864447,0.09055238925287615
74108,0.17468755833515018,0.12819347946296097,0.06138331759379447,0.6357356446080945
74109,5.916330148571669e-05,0.8228499377539705,6.833711467759338e-06,0.177084065233076
74110,0.7653325325948468,0.025918465748945192,0.12916195989907778,0.07958704175713012
74111,0.7648091198499402,0.033387974792921174,0.12557289807352717,0.0762300072836114
74112,0.006149500144812557,0.600445464092089,0.0005876501700653384,0.39281738559303364
74113,0.054343524125232336,0.3248606352460697,0.00969254186949894,0.6111032987591993
74114,0.0009691561746284822,0.7016936524628379,0.0001243355953172172,0.2972128557672162
74115,0.00010689854436505103,0.9861866750660524,7.050728010744842e-05,0.013635919109475121
74116,0.015530513332005981,0.7587879161356048,0.0067539780553033954,0.21892759247708557
74117,0.015216002999875624,0.40631698313595366,0.002643162508768672,0.575823851355402
74118,0.5222984388293479,0.13972068509264918,0.06522895955198314,0.2727519165260198
74119,0.0005240401842434618,0.8696744944715904,5.378842732161946e-05,0.1297476769168444
74120,0.18362187555878073,0.13421653837649475,0.07957723151739464,0.60258435454733
74121,0.7329294844432671,0.034707130553242975,0.1340224060204554,0.09834097898303455
74122,0.02957920409197726,0.39954636884139394,0.007244351712851562,0.5636300753537772
74123,0.006289182142291588,0.5717029856504183,0.0007127891863595191,0.4212950430209306
74124,0.021096861224171818,0.556671259061513,0.0052367452766671355,0.41699513443764763
74125,8.714044060334322e-05,0.9869881607564768,5.2328552925170504e-05,0.012872370249994665
74126,0.0011353571999510757,0.6699833633943305,0.00014786972845221472,0.3287334096772661
74127,0.17347485484367806,0.1704890658268198,0.07829540622499029,0.5777406731045116
74128,0.00016329346092792054,0.9238095053618187,1.2941895433482931e-05,0.07601425928182011
74129,0.011331511674319941,0.5508230585669397,0.0018411321571846584,0.43600429760155585
74130,0.00013081949158529882,0.8802249848609404,1.2168224511457302e-05,0.11963202742296279
74131,0.004569679104755192,0.7405651664908127,0.0008120240571122767,0.2540531303473197
74132,0.09655577146535238,0.25382920499071765,0.019104817264758423,0.6305102062791715
74133,0.005369079987392339,0.4442629483495073,0.0011192585667074003,0.549248713096393
74134,0.4418048854944306,0.13074360364089277,0.06855339883158929,0.35889811203308725
74135,0.13710608756937986,0.143561047988448,0.050074134913693065,0.6692587295284792
74136,0.7319511684968018,0.005325169718932495,0.2289670027163647,0.03375665906790103
74137,3.408681718011459e-05,0.9470304370206425,1.5419571158132135e-06,0.05293393420506154
74138,0.7683903793896985,0.003092642311481712,0.21209770674971465,0.016419271549105243
74139,0.000287058069085365,0.8891870563753443,2.358229517368544e-05,0.11050230326039687
74140,0.00010719103181838648,0.7818300566996507,1.862227742058273e-05,0.21804412999111056
74141,0.0003474055321624393,0.8750000467222825,2.9471669613219493e-05,0.12462307607594186
74142,0.6091795428156537,0.09378429188961873,0.06106603677573701,0.23597012851899066
74143,0.039977464445787536,0.559963471416206,0.0061900722477144544,0.39386899189029195
74144,5.73818143492031e-05,0.9486295641201212,3.316390965973156e-06,0.05130973767456355
74145,0.005710135703775166,0.6665121009792188,0.0007401950456761089,0.3270375682713303
74146,2.6634923423145952e-05,0.8218848878897592,2.8154463085132715e-06,0.17808566174050888
74147,0.7013535954500741,0.049391344616205785,0.12763306501414384,0.12162199491957643
74148,0.7173414330447252,0.03788390504292071,0.09381778220497855,0.15095687970737537
74149,0.7394516382799601,0.023529818583891245,0.12104415151814864,0.11597439161800042
74150,0.7124298101159836,0.012577355671149301,0.1826042645147926,0.09238856969807423
74151,0.028897338323633243,0.34811191961664706,0.006355846138601003,0.6166348959211185
74152,0.0009400926199586286,0.5692091714578614,0.00015558509305941753,0.4296951508291205
74153,0.004638563332790922,0.5588265522055348,0.0007084703696596095,0.4358264140920145
74154,0.1723038123132051,0.22006346969677418,0.07689665761382414,0.5307360603761964
74155,0.629465443308926,0.022500101108145473,0.1750712842979647,0.1729631712849641
74156,0.7550026948061995,0.03774476739874013,0.12446937091710605,0.08278316687795392
74157,4.8093799043255995e-06,0.9970434417009978,2.9894505413094584e-06,0.0029487594685564528
74158,0.00024915238246027053,0.7029161254771389,5.443542867868138e-05,0.296780286711722
74159,0.00013998438241016124,0.7847963199707219,1.63208083476947e-05,0.21504737483851996
74160,0.0015872235084058498,0.5689390600516702,0.00024187434923498557,0.4292318420906892
74161,0.7725621864401608,0.005769317671304058,0.1942954259132163,0.027373069975318593
74162,0.7864940827001926,0.021763330277790458,0.09033575346449339,0.10140683355752342
74163,0.009452064198883853,0.4564915895771644,0.0027339632170421554,0.5313223830069098
74164,0.16051886386763262,0.31294313500221277,0.036354232898835034,0.4901837682313198
74165,0.7612712003626393,0.018854968734760825,0.12534347838616516,0.09453035251643464
74166,0.7278466214458054,0.0069177844422705324,0.2045054271257503,0.060730166986173416
74167,0.7667650522060943,0.020722973142659966,0.11117743900238747,0.10133453564885846
74168,0.7380205353180425,0.003864005138319639,0.2332472012096747,0.024868258333963455
74169,0.008375535796408139,0.6023453531856072,0.001498788994920546,0.3877803220230638
74170,0.024533865353710493,0.529012968739943,0.003293880596191913,0.4431592853101547
74171,0.00029426352066938506,0.8800809178867453,2.38834669236735e-05,0.11960093512566172
74172,0.00015542721299276384,0.8107412224459102,4.094079590548444e-05,0.18906240954519177
74173,0.627076187228575,0.021136093573492006,0.20882716642661778,0.14296055277131525
74174,0.02132381148567381,0.6451707179923317,0.0037405443602594284,0.32976492616173525
74175,0.6784012162079396,0.024861821242106445,0.16782307268576047,0.12891388986419322
74176,0.005779386796113172,0.6766243920115215,0.0005655287188183323,0.31703069247354676
74177,0.0032461263175883495,0.464090073398447,0.0006585968850226099,0.5320052033989424
74178,0.0023899632721947886,0.5052136039608284,0.00042471914699055693,0.4919717136199864
74179,0.7081529087612806,0.027057854647270004,0.12436957300303002,0.1404196635884193
74180,0.08885344397804212,0.27070150464062476,0.016287515433655718,0.6241575359476774
74181,0.812461444663639,0.012911535455264644,0.14301523937537672,0.03161178050571969
74182,0.00030047130631751385,0.72550284006371,3.44597756290393e-05,0.27416222885434377
74183,0.77459412383994,0.0036062356355193725,0.2040519262668032,0.01774771425773726
74184,8.945486974237888e-05,0.7479948512991101,1.9789278275036514e-05,0.2518959045528725
74185,0.003263279809182417,0.5074393145957274,0.0005331433931236726,0.4887642622019668
74186,0.12469014002794104,0.16466368078501634,0.03502935745087279,0.6756168217361698
74187,0.13838461208273956,0.16915035701093123,0.03849890361085625,0.653966127295473
74188,0.7141399044264931,0.0037313628004583374,0.27544042081838727,0.006688311954661316
74189,0.004245372733058367,0.4889776191298658,0.0007072869338874162,0.5060697212031884
74190,0.00016933200988438642,0.9042704690698515,1.1941334644128693e-05,0.09554825758562016
74191,0.006719650736565431,0.7406640506660301,0.00451989866502281,0.24809639993238175
74192,0.6748544888371031,0.030900778963659607,0.14038570761060923,0.15385902458862818
74193,0.7693950776079203,0.02012573991787506,0.1667665145919429,0.043712667882262156
74194,0.001059346454093639,0.623299552318896,0.00014899815654041836,0.37549210307046976
74195,0.00011151559729373982,0.7849753901183933,1.3333145095778668e-05,0.2148997611392174
74196,0.7251843007077506,0.0236279661910993,0.13228164407231674,0.11890608902883337
74197,0.017945891985693296,0.418038596219252,0.002938241795337031,0.5610772699997176
74198,0.7365821583907292,0.022542861310880208,0.12601374647520847,0.11486123382318204
74199,0.7937606903170763,0.004633055782936441,0.187897286191484,0.013708967708503224
74200,0.09072775242065309,0.2571798988687852,0.023902121502990595,0.628190227207571
74201,1.9483588839762526e-05,0.820410867478231,7.645313294019166e-06,0.17956200361963537
74202,0.7462613107317078,0.04428915389124497,0.07754605296372417,0.13190348241332306
74203,0.11264131063816041,0.23304979955162047,0.029719463429469347,0.62458942638075
74204,0.11267766799098634,0.24397618457978468,0.026556369046884274,0.6167897783823444
74205,0.15833896111058354,0.2095837328772793,0.047670818355525287,0.5844064876566119
74206,0.014701898063323879,0.49384464009449547,0.002249589145300597,0.48920387269688015
74207,0.08220908082292709,0.3452101429026009,0.026926707392779258,0.5456540688816928
74208,0.6784012162079396,0.024861821242106445,0.16782307268576047,0.12891388986419322
74209,0.6739570272959158,0.04359640128737463,0.08752602041276268,0.19492055100394684
74210,8.108174521040154e-05,0.7284409235474588,8.896390045544327e-06,0.27146909831728505
74211,0.6767550978627849,0.04292285510503324,0.08371925159006259,0.19660279544211925
74212,0.00025582346812184193,0.9783915642223289,0.00017175768033208752,0.021180854629217108
74213,0.014450569019841148,0.5247116720542534,0.0018727020598950392,0.4589650568660105
74214,0.7485202063534976,0.029186034422506658,0.1014604712270428,0.1208332879969529
74215,0.14147588042774636,0.34856085880468907,0.03511102846192114,0.4748522323056435
74216,0.12987157163050084,0.15417308690443646,0.040955490423361385,0.6749998510417015
74217,0.7210148745760725,0.013482474546948573,0.17574552001668467,0.08975713086029428
74218,0.4161698333041839,0.12771608565314038,0.04615608675063594,0.4099579942920397
74219,0.8291366403947822,0.008316843894599616,0.13808973576690345,0.024456779943714847
74220,0.7394510720199732,0.005067549916706134,0.2093565550893493,0.04612482297397136
74221,0.028664569428322732,0.3326945159234781,0.005793080854582702,0.6328478337936168
74222,0.7281859502945646,0.008919163446173311,0.18993078544833136,0.07296410081093081
74223,0.02069174839796576,0.46937259673836335,0.0029835544836476096,0.5069521003800233
74224,0.7739286793540644,0.0032674165865303638,0.20697738804337143,0.01582651601603378
74225,0.7540766373098684,0.0034097404789635737,0.22266201430350946,0.01985160790765853
74226,0.0011543625447981197,0.8331453992418367,0.00020664198911525433,0.1654935962242498
74227,0.6586898707727321,0.02960660162789269,0.1380966715296654,0.17360685606970971
74228,0.00010356166191066161,0.9857845296659115,6.218367410438623e-05,0.014049724998073457
74229,0.0003203975693325086,0.6789832875171444,4.3141055196003413e-05,0.320653173858327
74230,0.7033907179317518,0.015416111015390676,0.16871703129800292,0.11247613975485499
74231,0.0096738283635872,0.4642783241390337,0.0016034571908719187,0.5244443903065071
74232,0.0096738283635872,0.4642783241390337,0.0016034571908719187,0.5244443903065071
74233,0.12469014002794104,0.16466368078501634,0.03502935745087279,0.6756168217361698
74234,0.764269814990471,0.019715747662004613,0.1206766189800861,0.09533781836743835
74235,0.7285036019544733,0.0048342785111381015,0.25757193871579054,0.009090180818598277
74236,0.5151686797376874,0.05403797795017144,0.10326309051649743,0.3275302517956437
74237,0.8056360347118315,0.005117403935875371,0.1758347736527073,0.013411787699585835
74238,0.03450606840090528,0.33986885990167376,0.009361276181250119,0.6162637955161707
74239,0.8224789675061244,0.02188203583821853,0.07302951204193217,0.08260948461372489
74240,0.6102316537994175,0.025977050071843234,0.1876093684162195,0.17618192771252011
74241,5.8588722574005684e-05,0.9313305985560322,3.2073441468283305e-06,0.06860760537724682
74242,0.0036375821025898727,0.7620100542782307,0.0011838558423120052,0.2331685077768675
74243,0.000187492183020717,0.712023951339509,2.4140265887709625e-05,0.2877644162115827
74244,1.7639752356178623e-06,0.9982863580793477,1.2289829841371117e-06,0.0017106489624324319
74245,0.0021331272271256354,0.5509522754800026,0.0003301272047228351,0.44658447008814905
74246,0.0032461263175883495,0.464090073398447,0.0006585968850226099,0.5320052033989424
74247,0.021096861224171818,0.556671259061513,0.0052367452766671355,0.41699513443764763
74248,0.2980485901517969,0.15763828519388837,0.0328075636174057,0.511505561036909
74249,0.7365167953132093,0.005959994013995486,0.24620210375302387,0.011321106919771333
74250,0.8291366403947822,0.008316843894599616,0.13808973576690345,0.024456779943714847
74251,0.7937606903170763,0.004633055782936441,0.187897286191484,0.013708967708503224
74252,0.00908734547435477,0.6366217124424925,0.0019932360978952997,0.35229770598525734
74253,0.8185933748750769,0.008570561227649477,0.14673240979442992,0.026103654102843623
74254,0.42315581921384937,0.14653816563184732,0.05501496861857762,0.375291046535726
74255,0.010344028978471411,0.7665389877184815,0.00691169702215519,0.21620528628089197
74256,0.754433553561435,0.017256849857108666,0.1355904591761106,0.09271913740534574
74257,0.7847135411748837,0.003046570421053833,0.20333037314027125,0.008909515263791527
74258,0.08493459508797782,0.25406023771123915,0.033681890535400626,0.6273232766653826
74259,0.621176428143121,0.02435743556956322,0.19702627168569595,0.15743986460162013
74260,0.7657228314512646,0.026740973303165497,0.1515437044613113,0.05599249078425855
74261,0.7321041629086971,0.022113250969476098,0.14336731426678506,0.10241527185504187
74262,1.519658059974886e-06,0.9984102047694033,1.0645897836222955e-06,0.0015872109827531175
74263,0.0021333309310493922,0.506185293252675,0.000738507312369337,0.4909428685039061
74264,0.026165237393872318,0.7510768080378272,0.007979404251988755,0.2147785503163117
74265,0.29326758531264807,0.16908049074859857,0.03043241300568653,0.5072195109330669
74266,0.29609488183259774,0.1522171306722673,0.03849415122041878,0.513193836274716
74267,0.01628841006689626,0.3908245734888512,0.002996341764439484,0.5898906746798127
74268,0.0001975581315323325,0.8836743430028903,1.4957146893065883e-05,0.11611314171868435
74269,0.29283775648350124,0.21538320585074777,0.03326503938047475,0.45851399828527606
74270,0.8187220781606158,0.014908665518851219,0.1207494102935693,0.045619846026963735
74271,0.00015138202917192183,0.9089111524262662,1.0794420694372657e-05,0.09092667112386764
74272,0.16227134083165465,0.18790453445093228,0.057809749460705454,0.5920143752567074
74273,0.13838461208273956,0.16915035701093123,0.03849890361085625,0.653966127295473
74274,0.7972167692618785,0.0133962616745327,0.13081899903522398,0.05856797002836469
74275,0.045002168953699774,0.5187619438154077,0.006089132071235414,0.4301467551596569
74276,0.10285446558434408,0.2793211857299632,0.016681463782953376,0.6011428849027395
74277,0.41902109779703534,0.1304415927409862,0.03877870609940886,0.4117586033625696
74278,0.7698590566119599,0.029680604962996914,0.10495333040317921,0.09550700802186385
74279,0.0007946869754431144,0.5830408990197732,0.0002619775120267197,0.4159024364927572
74280,0.7204355724602383,0.004702494012759703,0.24071231709137753,0.034149616435624655
74281,0.14393581807519856,0.2360881159418358,0.02567647944046636,0.5942995865424995
74282,0.004981576269173109,0.5092155481353368,0.0007801761319394559,0.48502269946355037
74283,0.03430423815206712,0.4324076796774531,0.004774428688461925,0.5285136534820177
74284,0.060807291069532796,0.25919289515060445,0.01592254503621608,0.6640772687436468
74285,0.29997589255417795,0.17613249254124033,0.05139367328526145,0.4724979416193205
74286,0.7544088987539525,0.021958570723690726,0.13340746813492826,0.09022506238742851
74287,0.7555162100928111,0.011115476279829247,0.18280706797657817,0.05056124565078166
74288,0.7982452401671924,0.007450324289281972,0.1717752410518396,0.022529194491686003
74289,0.09196546121634773,0.2631237398194178,0.02061844157817595,0.6242923573860581
74290,0.0005199557118393829,0.8253046652467271,4.782185616566671e-05,0.17412755718526776
74291,0.7157576579529412,0.03181227880561116,0.10648697594520795,0.14594308729623962
74292,0.36308314289298543,0.08505263383085485,0.093371704109547,0.4584925191666128
74293,0.0008905506499223653,0.6820969600040889,0.0003565959228170487,0.31665589342317135
