id,Classic,Deal,Flex,Saver
73831,0.5798314977317203,0.08177370765446655,0.1045895758378169,0.2338052187759963
73832,0.6277246406856323,0.05553704253996229,0.14270395700934502,0.17403435976506038
73833,0.5450383094318317,0.14378552808711711,0.0581068091115022,0.253069353369549
73834,0.44232617526326334,0.17458377994658011,0.06335088550097714,0.31973915928917945
73835,0.3061345851345677,0.3197546437383815,0.05196865623205534,0.3221421148949953
73836,0.37174523746624155,0.2942801925720596,0.049423171015142195,0.2845513989465565
73837,0.6242633955584076,0.08084298221456583,0.11429783079473725,0.18059579143228932
73838,0.5783307711989296,0.06394773097618958,0.09238868373231568,0.26533281409256515
73839,0.0008176227700636987,0.75263940556875,0.00041420510076778546,0.24612876656041865
73840,0.6304962062557442,0.043458306661942135,0.12965166518221874,0.19639382190009486
73841,0.09258240590550335,0.6592339816404261,0.018485443136315477,0.2296981693177552
73842,0.24770658170198845,0.4293947243684548,0.06978371900990503,0.2531149749196516
73843,0.5568539208705786,0.10380993770230316,0.07998828021908014,0.259347861208038
73844,0.6239467197350905,0.03642484104728854,0.13717213094837027,0.2024563082692508
73845,0.6315323464593546,0.06618524904379464,0.11315719978577038,0.1891252047110803
73846,0.6398661574843737,0.07904266003684725,0.08357366533019278,0.19751751714858642
73847,0.636287462867977,0.06966201025522016,0.08157205665719255,0.21247847021961033
73848,0.6330729731520186,0.050845017365639,0.1037030302311748,0.2123789792511676
73849,0.636287462867977,0.06966201025522016,0.08157205665719255,0.21247847021961033
73850,0.6218482566532678,0.04617657919884474,0.12953323822401755,0.20244192592386995
73851,0.6075101937086801,0.054319885018824746,0.20020044403519777,0.13796947723729736
73852,0.632667278565029,0.04657952505315977,0.12388124294031672,0.19687195344149455
73853,0.6332200091922188,0.051228303123932444,0.10314609648858875,0.21240559119525998
73854,0.5259177105211248,0.13782736076719299,0.08581762970660484,0.2504372990050774
73855,0.6310644020156867,0.04484102668102886,0.1493348821658797,0.1747596891374048
73856,0.0024840933302748827,0.8098634354008492,0.002063730288907167,0.18558874097996889
73857,0.5889502206080108,0.1102098110818856,0.13803090197135173,0.1628090663387518
73858,0.16336710967111798,0.459889942567934,0.026028152192702124,0.3507147955682458
73859,0.6311297244942744,0.07338307515158247,0.06844171490392112,0.22704548545022196
73860,0.6084825958598632,0.046108570002823146,0.12065689341257405,0.2247519407247395
73861,0.4467287571569783,0.23488686186649932,0.06800024538065035,0.2503841355958719
73862,0.6236677011663097,0.037698789365434415,0.16547079990455735,0.17316270956369859
73863,0.60219504814012,0.04154584816663259,0.19414218318334137,0.1621169205099059
73864,0.15467665057097596,0.510610102692439,0.015178375100518943,0.3195348716360661
73865,0.6135468616116588,0.08885908078697602,0.07285204681591226,0.224742010785453
73866,0.25597086911249617,0.431680252007849,0.05494674502495456,0.2574021338547003
73867,4.8511241772109416e-05,0.8372104857426856,0.0003095617991888988,0.16243144121635333
73868,0.583024165386637,0.11549472213901014,0.09417815357609391,0.20730295889825884
73869,0.528384020713199,0.1782526223621293,0.060571406136957176,0.2327919507877145
73870,0.6301089907898241,0.0361977834688867,0.17208414396839908,0.16160908177289016
73871,8.533354237139408e-05,0.8103057041376357,0.00017887131623234406,0.18943009100376057
73872,0.5496089657696301,0.10043478214308482,0.1065045903390566,0.2434516617482284
73873,0.5979702336551243,0.07570923994645223,0.1252642550008751,0.2010562713975484
73874,0.4843088424948183,0.14287869005792161,0.08969269080430042,0.2831197766429597
73875,0.5437469649979654,0.10376745939365778,0.09123950151393109,0.2612460740944458
73876,0.3144305663920438,0.3678619426458158,0.06449992438420893,0.2532075665779314
73877,0.14492198827055666,0.5675954222197694,0.04709990012112317,0.24038268938855079
73878,0.5228337267540036,0.1185877482072074,0.1534689764546812,0.20510954858410782
73879,0.6094464018492378,0.059243461840007575,0.08913784802321992,0.2421722882875346
73880,0.6189669285571933,0.037815870617677015,0.17258289245611946,0.17063430836901025
73881,0.5775531093476414,0.07984108962427718,0.10017574106392788,0.24243005996415365
73882,0.5551319428250778,0.08905331872496562,0.18033943915929837,0.17547529929065817
73883,0.11267879698827726,0.5916188879632127,0.0447561105218277,0.2509462045266822
73884,0.00022367224480775597,0.8040227956909898,0.00044447473069696283,0.1953090573335055
73885,0.6189254622916078,0.06112055004399218,0.1251503893303456,0.19480359833405428
73886,0.549850329374323,0.09561371804632905,0.11087484216481941,0.2436611104145286
73887,0.028483937015331997,0.6980171421342585,0.011810524053176504,0.261688396797233
73888,0.21954975103534513,0.49950321816728693,0.04432505085926352,0.2366219799381043
73889,0.518518952227337,0.12007335167083728,0.12566696000349425,0.23574073609833163
73890,0.23271348210080653,0.35914011089231834,0.048592814560820756,0.3595535924460545
73891,0.5966086859320725,0.03440938375359467,0.2331530457342795,0.1358288845800532
73892,0.34365739213538926,0.31994191322534776,0.04378351408324414,0.2926171805560187
73893,0.6068483799021417,0.03430274885840824,0.22643326175140072,0.1324156094880493
73894,0.32792544828087816,0.28071295856359557,0.12259710110550232,0.26876449205002384
73895,0.46151389957502403,0.2291349502954092,0.10306014070979506,0.20629100941977177
73896,0.6380472204860039,0.05580611200014608,0.13691178699568704,0.16923488051816307
73897,0.290923586611654,0.32075479263363543,0.09590173404788781,0.2924198867068227
73898,0.19908874046073474,0.4391881532891147,0.0256289155409656,0.33609419070918506
73899,0.0003917668561210735,0.8031375291549914,0.0006961787234655039,0.19577452526542202
73900,0.4985437303334153,0.1336527024851178,0.15328305637888257,0.21452051080258439
73901,0.6155435056862995,0.02758458260849668,0.19832416621447427,0.1585477454907297
73902,0.06488351190350923,0.61906565978599,0.01729687996133532,0.2987539483491654
73903,0.635120741947484,0.04083619006689798,0.10322704986542915,0.22081601812018875
73904,0.5680421526963636,0.0881163825535437,0.07588257138703612,0.2679588933630566
73905,0.5276423876941052,0.11550393275961042,0.10682589704178987,0.2500277825044945
73906,0.6316628879184921,0.06812984513358414,0.14566761348393947,0.15453965346398432
73907,0.6223165178219701,0.06965575476993155,0.12760095231462726,0.180426775093471
73908,0.02441228695136912,0.7279144230032953,0.00785872493115065,0.239814565114185
73909,0.6043024745254124,0.028226435821792694,0.24025156499737665,0.12721952465541816
73910,0.21587798549498122,0.47803474724020456,0.03895635053286006,0.2671309167319542
73911,0.46928255960786686,0.17454232951373197,0.07216973825283934,0.28400537262556175
73912,0.6172774099787555,0.045321216868445945,0.13775314922275309,0.19964822393004553
73913,0.35829569886204854,0.29517005321399575,0.054356720564240846,0.29217752735971486
73914,0.6382470386667878,0.04230775618872322,0.11356715197504642,0.20587805316944263
73915,0.005392398238675872,0.8241989714472231,0.004049662144811088,0.16635896816928986
73916,0.6165143239223199,0.10039895252008289,0.07452971764985658,0.20855700590774062
73917,0.05056258631925482,0.6212529791526566,0.010572005170563094,0.3176124293575254
73918,0.567182917704289,0.07355746115333289,0.1839862445647895,0.1752733765775887
73919,0.6198636754482197,0.07130424827738495,0.1626313619290032,0.14620071434539206
73920,0.6431621497505166,0.049164064584923305,0.14353289631483857,0.16414088934972149
73921,0.4337805482483894,0.24829876104244852,0.08433951884584953,0.23358117186331248
73922,0.6376536491187671,0.05531457418639369,0.11663751738316835,0.1903942593116708
73923,0.6246696153110213,0.047532545832603565,0.19221496917726635,0.13558286967910887
73924,0.6220275978526127,0.07509309352586124,0.10765886668277402,0.1952204419387521
73925,0.5893114861374292,0.0703180912258468,0.09824437469024604,0.24212604794647802
73926,0.31959221803340543,0.3652616896014371,0.031079696971823074,0.2840663953933343
73927,0.6269562530014431,0.05368086011915671,0.13103179619835087,0.18833109068104947
73928,6.82801239846432e-06,0.8301444324582796,4.728424154927154e-05,0.1698014552877726
73929,0.043739607151173476,0.6457517701583031,0.009853161130250542,0.3006554615602729
73930,0.6212983897824406,0.029637119906805582,0.18279236143526634,0.16627212887548753
73931,0.4671585567734085,0.20796907351448424,0.0635788114419561,0.2612935582701511
73932,0.6427621449770456,0.08140679143000668,0.09240790166587805,0.18342316192706962
73933,0.14678141489972027,0.5205437756518951,0.06815819190844688,0.26451661753993766
73934,0.6299440024479357,0.07066856364852245,0.09553134103005406,0.20385609287348783
73935,0.6059367658645767,0.05019901426486054,0.20018326679264875,0.14368095307791406
73936,0.00031468061257873217,0.8182126944469656,0.0008274806140038788,0.18064514432645168
73937,0.6239467197350905,0.03642484104728854,0.13717213094837027,0.2024563082692508
73938,0.6200319308650178,0.07548344950647873,0.16439157533513676,0.14009304429336678
73939,0.6230042468507498,0.07274403430464281,0.13787970282918666,0.1663720160154208
73940,0.05606118202541042,0.6336686412775248,0.01710267176210852,0.2931675049349564
73941,0.5575082401713061,0.10390223218972353,0.10200312746922449,0.23658640016974594
73942,0.6441321263405339,0.05609994391499034,0.09287429330476768,0.20689363643970812
73943,0.021234076823783723,0.7525628229937226,0.006855170448216186,0.2193479297342776
73944,0.6292527804398086,0.04375873650342382,0.1594501712297212,0.1675383118270464
73945,0.5994832925300487,0.0839926232340495,0.07543758767595017,0.2410864965599516
73946,0.3868342880986146,0.2325543979692518,0.056233394920077506,0.3243779190120559
73947,0.011823069157750625,0.73004593865374,0.0052699826210123,0.2528610095674972
73948,0.28300310352144215,0.34525981789411003,0.05338618922269646,0.31835088936175143
73949,0.6001279656687029,0.10000316318989136,0.10686600567908106,0.1930028654623247
73950,0.17108364691124303,0.5087225344453059,0.02168546855304826,0.29850835009040283
73951,0.5972323001891631,0.06242928436476006,0.08995573177570997,0.2503826836703669
73952,0.523057356725295,0.11685134402190608,0.16007117548405242,0.2000201237687465
73953,1.8587085683577042e-06,0.8050362345644607,1.803997935196147e-05,0.19494386674761893
73954,0.5807737979988553,0.07317796562087055,0.12084224553082766,0.2252059908494466
73955,0.04990572579471319,0.7252542382415109,0.017900706651668746,0.2069393293121071
73956,0.005947370051438283,0.7401145872220399,0.0025584470573745705,0.25137959566914725
73957,0.5888072437448556,0.10496408607995578,0.1433516995984465,0.16287697057674216
73958,0.3633615779480756,0.3159373335599105,0.061037711844959194,0.25966337664705474
73959,0.6376536491187671,0.05531457418639369,0.11663751738316835,0.1903942593116708
73960,0.1047702640914526,0.5901345022552442,0.01779217220760819,0.28730306144569495
73961,0.5899825408135443,0.10386097508710115,0.061785516564563964,0.24437096753479054
73962,0.6035143470390364,0.03705484097146391,0.2163867710868234,0.14304404090267644
73963,0.5966086859320725,0.03440938375359467,0.2331530457342795,0.1358288845800532
73964,0.6319773071771233,0.05340080900830305,0.17196165143720246,0.14266023237737108
73965,0.5680851275283662,0.08437838757298538,0.12203035707996518,0.22550612781868318
73966,0.4318485879225625,0.23835759798242892,0.0881970503145979,0.24159676378041073
73967,0.6203406384397288,0.07857676848797111,0.0675133365580632,0.23356925651423707
73968,0.0011418836687232044,0.8020233281870806,0.0008797623802607048,0.19595502576393548
73969,0.5688599506545367,0.09519636172292416,0.1542739738598455,0.1816697137626937
73970,0.1727331422598516,0.44169941809699964,0.050006712250253126,0.33556072739289566
73971,0.5063530845401306,0.14465198296404072,0.08799948253768244,0.2609954499581462
73972,0.21798759899067444,0.4073412710921439,0.057293722101588604,0.3173774078155929
73973,0.603059269903547,0.0970692025849082,0.07587519947938368,0.22399632803216124
73974,0.6167467408659973,0.04289084391930277,0.1754937995871649,0.16486861562753496
73975,0.22603381970868236,0.43589402425919194,0.04550648503969564,0.2925656709924301
73976,0.6411576524989007,0.04575524122814351,0.11417248376470582,0.19891462250825
73977,1.2414881604001352e-07,0.77368700969792,2.416391428984842e-06,0.22631044976183487
73978,0.6022844225652523,0.09969684963907832,0.1270327616036418,0.1709859661920277
73979,0.6223165178219701,0.06965575476993155,0.12760095231462726,0.180426775093471
73980,0.018522839343240432,0.7762684094136841,0.00749401050101888,0.19771474074205664
73981,0.5698962098357874,0.11202714210456594,0.15138997765996293,0.16668667039968393
73982,0.00011575741165751809,0.8153905766716496,0.000341418939737613,0.18415224697695534
73983,0.6001279656687029,0.10000316318989136,0.10686600567908106,0.1930028654623247
73984,0.011391660677391433,0.7783478662455146,0.0076845833029113445,0.2025758897741827
73985,0.6052374482748896,0.06284685862328715,0.1146046408566751,0.21731105224514832
73986,0.6391622573813784,0.06379259678738924,0.09908309065122252,0.19796205518000973
73987,0.6224587609629624,0.07527428991643796,0.14932028442920522,0.15294666469139448
73988,0.6147830588357922,0.066061008745879,0.09308443842923225,0.2260714939890965
73989,0.03902081346121684,0.6856415675681001,0.006226353552187738,0.2691112654184952
73990,0.6344986985259632,0.04900071769222699,0.12670231734278,0.1897982664390299
73991,0.5882258017330091,0.045236611864760225,0.2196421309336932,0.14689545546853755
73992,0.6307903185652628,0.06401481313919788,0.1442603286264045,0.16093453966913465
73993,0.6188574954620817,0.04382853235423995,0.165140302007518,0.17217367017616034
73994,0.6184362294047097,0.033831058039945225,0.1757471823589414,0.1719855301964036
73995,0.05786660755398049,0.646255314620665,0.02109309215416658,0.27478498567118803
73996,0.010352698746421685,0.7976598603224988,0.008908700008249476,0.18307874092283005
73997,0.63938496037473,0.06520125915192371,0.0974490737180145,0.1979647067553319
73998,0.5396271159709009,0.09694876033194144,0.172057261498137,0.1913668621990208
73999,0.6370049538073164,0.04055415476096177,0.11683511280064585,0.20560577863107596
74000,0.20879814182916037,0.4814544108042996,0.021954862847665676,0.28779258451887435
74001,0.40079576105323467,0.22290080958825384,0.08399002548507532,0.2923134038734363
74002,0.5534386274910208,0.08642636676996077,0.192602129209846,0.1675328765291725
74003,2.1985684774229586e-06,0.8090800390636133,3.173173492811512e-05,0.19088603063298112
74004,0.6035143470390364,0.03705484097146391,0.2163867710868234,0.14304404090267644
74005,0.5811550195622991,0.10839468367045683,0.063363601903898,0.2470866948633461
74006,0.6158719750437367,0.0330879311633592,0.18636936360890127,0.16467073018400297
74007,0.008765194524213383,0.788307819110385,0.00824468817294287,0.19468229819245866
74008,0.6121769627687111,0.06212169398864805,0.09162421706835248,0.23407712617428839
74009,0.5758979286668372,0.06555348258939492,0.20501218060145207,0.1535364081423157
74010,0.613842570565,0.06152824009436843,0.11696431462907074,0.2076648747115609
74011,0.6063544917781519,0.0925337251776596,0.0844537460265549,0.21665803701763348
74012,0.08004805228974911,0.6120397401455588,0.009668729396313249,0.2982434781683788
74013,0.000284347516204615,0.8029107978387334,0.00035136472222981676,0.19645348992283213
74014,0.5362954208328483,0.1606333506837561,0.11383830054191393,0.1892329279414816
74015,0.4112857874067111,0.24776600662581047,0.049066372006675844,0.2918818339608026
74016,0.3914933381783293,0.2670885017041868,0.09673616681436972,0.2446819933031141
74017,0.10970256472530354,0.5069458352658941,0.019723292189177632,0.3636283078196248
74018,0.003591491818335501,0.8018077408247566,0.0021407043562849774,0.19246006300062282
74019,0.6073281193975294,0.034470074594872044,0.1886562610672756,0.16954554494032295
74020,0.6224587609629624,0.07527428991643796,0.14932028442920522,0.15294666469139448
74021,0.02466936854805378,0.7413089392259101,0.013226334276138656,0.22079535794989746
74022,0.5089747743040008,0.1891640358825664,0.10938872448592199,0.19247246532751083
74023,0.5275180990583155,0.13772534500674058,0.0607479532840784,0.27400860265086535
74024,0.5436150867097705,0.13399959982245271,0.08220915126523379,0.240176162202543
74025,0.5222552260898546,0.10739562546605212,0.08863210958037618,0.281717038863717
74026,0.008210763514302076,0.7860931482113075,0.0025985953065310883,0.20309749296785937
74027,0.5998377102157025,0.049572141657557835,0.16656739004960594,0.18402275807713375
74028,0.2783956850340728,0.4204473082457877,0.06516985768038827,0.2359871490397513
74029,0.29832463237893597,0.36660171327558333,0.04751260431435609,0.28756105003112464
74030,0.5183960535254479,0.13687592340774604,0.1024906626782477,0.24223736038855828
74031,0.6066966557895936,0.03922400269179434,0.21040432664734476,0.14367501487126733
74032,0.6273506620627517,0.03106473646441486,0.13831140578931178,0.2032731956835216
74033,0.6336026650590754,0.07131774226498336,0.12008456469889156,0.17499502797704977
74034,0.6158719750437367,0.0330879311633592,0.18636936360890127,0.16467073018400297
74035,0.6189048653542423,0.043028948962175295,0.15881515794136117,0.17925102774222126
74036,0.2746692207578791,0.436873935878585,0.052754477301317146,0.2357023660622188
74037,0.00039355254120723417,0.7743805001822723,0.0002872636776134054,0.22493868359890704
74038,0.641167020450607,0.06292634514373012,0.12617231818700397,0.16973431621865884
74039,0.46031356700428794,0.1645070929796279,0.058203329235140905,0.3169760107809434
74040,0.6140133550726068,0.08782092228663452,0.13298397454032995,0.1651817481004287
74041,0.028893389069303877,0.7052106649500278,0.005026200282644784,0.26086974569802335
74042,0.6140061814093332,0.052661209045572525,0.12379440201946432,0.20953820752562985
74043,0.632667278565029,0.04657952505315977,0.12388124294031672,0.19687195344149455
74044,0.0030894675487382543,0.7751930645251328,0.0020405602713225272,0.21967690765480638
74045,0.6160892949623052,0.08949177492289226,0.07734098973453185,0.2170779403802706
74046,0.0002901177425699657,0.7634385781081225,0.00029472078428948275,0.23597658336501798
74047,0.5716374578067233,0.11836333397692692,0.07103582592423889,0.2389633822921109
74048,0.6180272898674637,0.042641636409873764,0.12182282647151589,0.21750824725114656
74049,0.6141351703775495,0.08581185257759283,0.08496375714467032,0.21508921990018728
74050,0.6236677011663097,0.037698789365434415,0.16547079990455735,0.17316270956369859
74051,0.19873842802256214,0.4591465907771223,0.018433978731098723,0.3236810024692168
74052,0.6087499673601888,0.08197585596100991,0.0683390798232409,0.2409350968555604
74053,0.6208333036964954,0.04624393349054597,0.2035830808893582,0.1293396819236005
74054,0.5947132264098989,0.10118991404474298,0.0880460218746583,0.2160508376706998
74055,0.6351476563050975,0.05103948824469993,0.11643391555487484,0.19737893989532765
74056,0.6314074071453101,0.055142861567512476,0.1767448862417767,0.13670484504540067
74057,0.6318523627999076,0.03653979687706753,0.16306028347868484,0.16854755684433992
74058,0.18056364374305672,0.44082037191820905,0.039091614529275745,0.3395243698094584
74059,0.625155183633396,0.03897910709995106,0.1172919427198529,0.21857376654680014
74060,0.13560633570785377,0.5573621238869095,0.05057371398441383,0.25645782642082277
74061,0.12490916257883292,0.5815878027940646,0.014791369275519986,0.27871166535158237
74062,0.5210539356403178,0.15515117954932825,0.053406002346103175,0.2703888824642508
74063,0.5864642726806718,0.06588518970012963,0.09697631194507055,0.25067422567412806
74064,0.6212915850303469,0.03055412404189249,0.18838036552184478,0.15977392540591576
74065,0.06613599194907153,0.6542686266639467,0.011933832555836419,0.26766154883114546
74066,0.6127809821503687,0.049181991461917124,0.14460408496589902,0.1934329414218151
74067,0.6051974946049861,0.07608947223006074,0.09323420131659108,0.22547883184836198
74068,0.6053086120141092,0.07298555785513894,0.0848114149546562,0.23689441517609558
74069,0.6206793319164857,0.054509714791808925,0.16720776229110423,0.15760319100060105
74070,0.3857918275865719,0.2686539637094492,0.041375778346346134,0.30417843035763276
74071,0.4989152934247865,0.18126971457720528,0.051678329865390886,0.2681366621326174
74072,0.08560471706548806,0.6726209115258162,0.021929556002742573,0.21984481540595321
74073,0.6180271577686992,0.05820993691886469,0.1367378914998399,0.18702501381259623
74074,0.09840048732934822,0.536714711866521,0.03234963730735748,0.3325351634967733
74075,0.14729442815806645,0.5560289277073661,0.05385518923205434,0.24282145490251297
74076,0.5097641907603749,0.17586740710789955,0.06187349863620828,0.25249490349551723
74077,0.6083582173730644,0.05584953277590898,0.14669837792797302,0.18909387192305344
74078,0.6025966754393851,0.06784597002960356,0.09581067083577091,0.23374668369524035
74079,0.6311297244942744,0.07338307515158247,0.06844171490392112,0.22704548545022196
74080,0.0001614887858887596,0.8371683933533736,0.0003768751428498632,0.16229324271788775
74081,0.2184985362479007,0.47038855121381845,0.04076160849424019,0.27035130404404073
74082,0.6146305508357698,0.08122838028737842,0.07873132070373415,0.2254097481731178
74083,0.595219960118241,0.10360941301853276,0.06240817362692702,0.2387624532362992
74084,0.6282915117705533,0.06610762018780847,0.1640192283747882,0.14158163966685006
74085,0.6018058435955651,0.09396560151928215,0.12592830794491988,0.1783002469402329
74086,0.6312179577843617,0.05774125524504954,0.08318714842982472,0.22785363854076404
74087,0.4327167243673355,0.22339935158157834,0.05794557062219424,0.28593835342889184
74088,0.3659417044859484,0.2509672714695454,0.09301683677011026,0.2900741872743959
74089,0.6082019038696315,0.03003515354357326,0.23385427756337437,0.127908665023421
74090,0.5911233464549073,0.10515771078468533,0.05737441818168349,0.24634452457872397
74091,0.37554975564028015,0.2694162393428559,0.11775221360111172,0.2372817914157521
74092,0.6346722768400831,0.037308756886996225,0.13789527854424813,0.19012368772867258
74093,0.5779585503568625,0.06405596321474756,0.19009589582397432,0.16788959060441547
74094,0.6242633955584076,0.08084298221456583,0.11429783079473725,0.18059579143228932
74095,0.47732787491294487,0.1393683986683538,0.08012497763530166,0.30317874878339957
74096,0.48859472212048977,0.18632470531065815,0.09468361079897945,0.23039696176987257
74097,0.0017316037590249594,0.7726342853006016,0.001499337167114718,0.22413477377325863
74098,0.6335833568197506,0.05819617047116399,0.17117011349177,0.13705035921731518
74099,0.6096218466857563,0.09924647014476064,0.09019736418608139,0.2009343189834018
74100,2.1711146172388988e-05,0.8060527916941683,8.986684605344723e-05,0.19383563031360584
74101,0.619444614075512,0.05519252215017904,0.10114955069363459,0.22421331308067444
74102,0.5955859724372403,0.11826451920927766,0.06694354843746207,0.2192059599160199
74103,0.3499277253297336,0.27757993210455134,0.11524879851994027,0.2572435440457748
74104,0.21855527673105402,0.49017504816359625,0.02755018274514154,0.26371949236020825
74105,0.5448511985397295,0.14053220093736446,0.08375425398079071,0.23086234654211527
74106,0.6348274164733083,0.04852791726321567,0.18422188387226218,0.13242278239121366
74107,0.14864353397218946,0.5007808398382642,0.06974310272305542,0.2808325234664909
74108,0.1293996938120337,0.5297973283785034,0.06312158271555272,0.27768139509391027
74109,0.03746289776775561,0.6591978214515267,0.00881052741486674,0.29452875336585094
74110,0.5684131732897315,0.13130851798806858,0.11944380729874925,0.18083450142345062
74111,0.5120143466343546,0.1757312018901767,0.09935393043107917,0.21290052104438953
74112,6.934590983337498e-07,0.7897153898276065,1.1796398278511849e-05,0.21027212031501658
74113,0.6398661574843737,0.07904266003684725,0.08357366533019278,0.19751751714858642
74114,0.48592653981093786,0.17532197552289222,0.045886967555406166,0.2928645171107638
74115,0.1103420671933566,0.5641938743507425,0.010774099364519556,0.31468995909138137
74116,0.568903681472813,0.08101418994453861,0.08151153424670539,0.268570594335943
74117,0.005180070411526177,0.7400525393260019,0.002295795599461037,0.2524715946630109
74118,0.012046468673945555,0.7709404404721407,0.003104028831219691,0.21390906202269397
74119,0.5572638619686184,0.1272051006770914,0.053582727124420464,0.26194831022986975
74120,0.5210539356403178,0.15515117954932825,0.053406002346103175,0.2703888824642508
74121,0.06472220431335007,0.6380830726163329,0.010816105198259915,0.2863786178720571
74122,0.2307819260900184,0.42481737111233897,0.021645730487365105,0.32275497231027755
74123,0.620149700330353,0.04865339581379872,0.10489303353969454,0.2263038703161537
74124,0.6336026650590754,0.07131774226498336,0.12008456469889156,0.17499502797704977
74125,0.6198636754482197,0.07130424827738495,0.1626313619290032,0.14620071434539206
74126,0.591078611082262,0.05983621008845603,0.18014006134749874,0.16894511748178326
74127,0.60402566150109,0.056281608012778754,0.16209203571324982,0.17760069477288123
74128,0.035449657976154694,0.7026134014947639,0.007584806109242713,0.2543521344198387
74129,0.606741555559522,0.043282364735866045,0.1728954781872288,0.1770806015173832
74130,0.6095380241363936,0.034307730785855285,0.2175703257651966,0.13858391931255462
74131,0.17046741553627776,0.4705117550819392,0.02208868551858009,0.33693214386320286
74132,0.4529698407705345,0.22080092435018855,0.05080735535788401,0.2754218795213929
74133,0.5543491854219459,0.14522729940193674,0.11038488532119417,0.19003862985492326
74134,1.826147220104744e-05,0.7968458607165744,8.463297569559711e-05,0.20305124483552894
74135,0.0027866518432817853,0.7686937103918908,0.001009893695989739,0.22750974406883767
74136,0.5518306006008254,0.08196675436740646,0.19906236352229584,0.1671402815094723
74137,0.5530764765333795,0.08728043215867186,0.13384870070087435,0.22579439060707415
74138,0.6372160493888485,0.042215398344969006,0.10718090163047972,0.2133876506357029
74139,0.6223745500899655,0.08564426297841689,0.09702055012326702,0.1949606368083507
74140,0.02443395337738089,0.7676149854512457,0.00710961295509098,0.20084144821628236
74141,0.6245341859034299,0.07940863912929931,0.12949864496090538,0.1665585300063653
74142,0.5417325332987605,0.09450213492590791,0.09260271348403813,0.27116261829129357
74143,0.05109227574502051,0.6568729978019325,0.012070170522749392,0.27996455593029745
74144,0.029777913783610135,0.6618626688110321,0.007249019408638006,0.3011103979967196
74145,0.3359696047239811,0.31539964473525894,0.09010215268549819,0.25852859785526183
74146,0.523347159444597,0.11887679544025845,0.06502624503948344,0.2927498000756612
74147,0.10703233860033415,0.5866520780013983,0.015239964452118396,0.2910756189461492
74148,0.0036681161778377145,0.7511638097876729,0.0016938658696694468,0.24347420816481993
74149,0.644293057916039,0.07584034386038492,0.116518286139713,0.16334831208386297
74150,0.5800750341786344,0.11199133333728349,0.06139767815595995,0.24653595432812234
74151,0.6304962062557442,0.043458306661942135,0.12965166518221874,0.19639382190009486
74152,0.01069742734932925,0.7573479303866532,0.003277131209037686,0.22867751105498
74153,0.15318156046460202,0.5829662174215093,0.03930498875762398,0.22454723335626475
74154,0.5867050795292996,0.11474579802415764,0.06795638498688172,0.23059273745966105
74155,0.0739619501326672,0.669169134964218,0.01918152334135837,0.23768739156175647
74156,0.6311831090681725,0.04586333101671629,0.15502305000230143,0.16793050991280978
74157,0.6182193282306812,0.04815210007734557,0.0993628693131092,0.234265702378864
74158,0.19797490124413278,0.5266724228342157,0.04765434350574201,0.22769833241590945
74159,0.5809958418897233,0.09505294253050253,0.06683316083915036,0.2571180547406237
74160,0.5696584178473175,0.07592992608060081,0.09717354159437494,0.2572381144777066
74161,0.596408670468561,0.09923868676114798,0.0649854971250943,0.2393671456451967
74162,6.733541608532942e-05,0.7809280690279149,0.0002005867567544821,0.21880400879924525
74163,0.6261940823554739,0.09211916275832191,0.08120720251285819,0.20047955237334605
74164,0.08921824671851628,0.558055919617199,0.02251016045497032,0.3302156732093144
74165,0.4281948477623732,0.24489210364571662,0.075044462334152,0.25186858625775826
74166,0.023732397972053922,0.7661744464181222,0.006676260455581658,0.20341689515424236
74167,0.10703383449816227,0.5915050779178892,0.053675269608603624,0.2477858179753449
74168,0.62025387099499,0.08499777052766701,0.10935184711628232,0.1853965113610607
74169,0.6357191573041384,0.061623339260308184,0.16528001363957576,0.1373774897959777
74170,0.6098839352100395,0.04865155343588028,0.11634111440497928,0.22512339694910113
74171,0.6311831090681725,0.04586333101671629,0.15502305000230143,0.16793050991280978
74172,0.6104900878729617,0.10291403379351063,0.1170038093557515,0.16959206897777618
74173,0.6155044714437882,0.04536987599496807,0.16918219960193698,0.16994345295930685
74174,0.31420050283712797,0.266738408531154,0.05875193254923438,0.3603091560824835
74175,0.6316495400470552,0.06413665595875917,0.07654104164245612,0.22767276235172948
74176,0.24198573213282532,0.4205990873334423,0.02682754540840207,0.3105876351253303
74177,0.05769426581028728,0.6080144779435138,0.017394642002038472,0.3168966142441603
74178,0.6228903438337239,0.07199879254248288,0.12460443472048773,0.1805064289033055
74179,0.6188226779164261,0.04051031265228429,0.20034405118512277,0.14032295824616697
74180,0.5654028782752378,0.13070513813980505,0.08951442766862458,0.21437755591633254
74181,0.22688478314414046,0.4856901050212148,0.05549095426613119,0.23193415756851332
74182,0.00034197630754178844,0.7746565159194411,0.00025136714920541854,0.2247501406238116
74183,0.5003978838625244,0.1490148474875017,0.09590448659296139,0.25468278205701267
74184,0.10522101801926677,0.5803324562970082,0.0449716294789065,0.2694748962048184
74185,0.576433433682624,0.06381336072092887,0.19928635478011728,0.16046685081632994
74186,0.616640652781755,0.0496768517483414,0.19408582124040272,0.13959667422950095
74187,0.5828291174645323,0.051137256529151146,0.20598355558433984,0.16005007042197666
74188,0.6082019038696315,0.03003515354357326,0.23385427756337437,0.127908665023421
74189,0.041166787426688764,0.7136856965430028,0.007800106266257396,0.237347409764051
74190,0.6022139888084689,0.10106503991015259,0.0731557047755177,0.22356526650586084
74191,0.6336026650590754,0.07131774226498336,0.12008456469889156,0.17499502797704977
74192,0.22087381482007565,0.47471754234978053,0.043338241824876306,0.2610704010052676
74193,0.001595836088638126,0.8167199943360053,0.0013640279529000645,0.18032014162245652
74194,0.0002512132049588219,0.79942282297238,0.00040741179615807463,0.19991855202650302
74195,0.1403402734962814,0.5296182168658525,0.01471461012599873,0.3153268995118673
74196,0.6106590226298277,0.08520809655657108,0.10243759866541337,0.20169528214818774
74197,0.3293491220305028,0.284880066540381,0.12806964369828974,0.25770116773082646
74198,0.587454220001123,0.11585234772765791,0.11234649721751717,0.18434693505370195
74199,0.603886844980834,0.056064295967272644,0.16247995272846352,0.17756890632342986
74200,0.20066025542548505,0.4815482649668942,0.06824180027769507,0.24954967932992578
74201,0.6312179577843617,0.05774125524504954,0.08318714842982472,0.22785363854076404
74202,0.347631847985607,0.2524407286276817,0.07330157983192323,0.32662584355478813
74203,0.09447510370025451,0.5795411087784916,0.01828571992984218,0.3076980675914116
74204,0.09203783708589669,0.6325538089780952,0.02791464478398343,0.24749370915202462
74205,0.2493695001956193,0.39826569932714223,0.07104809329857298,0.2813167071786655
74206,0.5779585503568625,0.06405596321474756,0.19009589582397432,0.16788959060441547
74207,0.5545290001988631,0.1146307750393285,0.1142961809098682,0.21654404385194026
74208,0.6297998853036703,0.04280886093138834,0.1458502909925252,0.1815409627724163
74209,0.6197082491796547,0.052688086934706835,0.09304107612349535,0.234562587762143
74210,0.6045123315020288,0.05642423482892101,0.13833644541735238,0.20072698825169788
74211,0.6245642947385011,0.037403976843908886,0.12760871716845976,0.21042301124913035
74212,0.599237125311736,0.027397449346779956,0.2522329747103499,0.12113245063113427
74213,0.5444034836514895,0.15189731088279695,0.08262368535617631,0.22107552010953724
74214,0.3204853332587022,0.37922266981386554,0.07548140433795371,0.22481059258947841
74215,0.04028339612163214,0.7095208827171142,0.007101142422758422,0.24309457873849516
74216,0.5876397627963414,0.05896274401202501,0.1989905802764759,0.15440691291515776
74217,0.3548266086016088,0.28630511817171517,0.07765306317557104,0.2812152100511049
74218,0.07775007335976711,0.6322617145551784,0.013988854932978632,0.2759993571520759
74219,0.04988791759565913,0.7348204593278739,0.01808268713356024,0.19720893594290675
74220,0.5912135680729269,0.05681707748972971,0.16048801905316745,0.19148133538417583
74221,0.5524615947668582,0.13365603330524406,0.06725903822227954,0.24662333370561812
74222,0.6097563273991664,0.07407893266980431,0.07452532120937164,0.24163941872165778
74223,0.595516079503445,0.06546256827328922,0.1464735249244445,0.1925478272988213
74224,0.049843545825636874,0.6306204643530884,0.015502331319793897,0.3040336585014808
74225,0.6232328993231855,0.04835786336939089,0.12564417121899862,0.202765066088425
74226,0.6012485421424599,0.08771799282568361,0.12427008301719907,0.18676338201465748
74227,0.10153246723788756,0.5446993805850259,0.02353361881523683,0.3302345333618498
74228,0.6016810883603882,0.06166845794459891,0.10300092968272533,0.2336495240122875
74229,0.612783938101852,0.036941809036978225,0.2004148809790551,0.1498593718821145
74230,0.05277379753590639,0.6183048287131476,0.013383392905355356,0.31553798084559054
74231,0.01627295213546013,0.7240957826328014,0.00681074814257042,0.2528205170891682
74232,1.470410487439523e-07,0.7859724258349884,2.6687590985427608e-06,0.2140247583648643
74233,0.5884777945532756,0.11312675039283929,0.12130489076340523,0.17709056429047978
74234,0.09811430960647957,0.6362110450758739,0.03694606872468138,0.22872857659296528
74235,0.5972323001891631,0.06242928436476006,0.08995573177570997,0.2503826836703669
74236,0.5832806005299085,0.11206011195694124,0.1150096311080135,0.18964965640513679
74237,0.6171517234609754,0.04029349486759966,0.14127261583402811,0.20128216583739686
74238,0.45812502086298745,0.21379136395195955,0.08206560312770186,0.24601801205735108
74239,0.6262011745428937,0.07178618170948328,0.08316415148172139,0.21884849226590178
74240,0.6260454397979187,0.03726334109216839,0.19436366983963946,0.1423275492702735
74241,0.6018058435955651,0.09396560151928215,0.12592830794491988,0.1783002469402329
74242,0.6069116907473205,0.04934773728533872,0.1020577335137259,0.2416828384536148
74243,0.3429329546548554,0.2966941374500393,0.0634020461174374,0.2969708617776679
74244,0.6254899640333207,0.046203558333567575,0.18677334805438736,0.1415331295787245
74245,0.5268427556087135,0.16242526177886998,0.05857889846580196,0.2521530841466146
74246,0.6109088909706147,0.07202093396123627,0.13056164328917613,0.1865085317789729
74247,0.6246696153110213,0.047532545832603565,0.19221496917726635,0.13558286967910887
74248,0.08319771438103817,0.6089382391269714,0.011279198233791907,0.2965848482581984
74249,0.5816211848813301,0.054024037694205114,0.21772902409969705,0.14662575332476777
74250,0.6319773071771233,0.05340080900830305,0.17196165143720246,0.14266023237737108
74251,0.6311568477279337,0.0692984616369219,0.10306864302795594,0.1964760476071886
74252,0.6011394079101444,0.059464102606859554,0.10504783964150767,0.23434864984148837
74253,0.03641705493536975,0.6769925869662778,0.013080404572329436,0.2735099535260229
74254,0.29832463237893597,0.36660171327558333,0.04751260431435609,0.28756105003112464
74255,0.6305130819421896,0.06127772503174314,0.13366047860629857,0.1745487144197688
74256,0.614406962262048,0.08229527905675599,0.08799037321817572,0.21530738546302017
74257,0.5895178210027674,0.04452758409346641,0.21239592392013748,0.15355867098362871
74258,0.5816521786265896,0.09407522779674564,0.09932913709209464,0.2249434564845701
74259,0.4700505063389819,0.13349332617339754,0.07252653293148019,0.32392963455614043
74260,0.20060921239747617,0.409213472681224,0.06080271281409744,0.3293746021072025
74261,0.00014897155334752746,0.8022374149308993,0.0004146467426595471,0.19719896677309368
74262,0.628493699139692,0.03196150709872112,0.14351614211468988,0.19602865164689698
74263,0.6333698939819548,0.07231518842072991,0.1122731934199728,0.1820417241773426
74264,0.23271348210080653,0.35914011089231834,0.048592814560820756,0.3595535924460545
74265,0.63408769981632,0.03760083284670072,0.1525004434954964,0.175811023841483
74266,0.015518785127906099,0.7799814206518213,0.0063536924769345415,0.19814610174333802
74267,0.10756696455579239,0.49266192949899357,0.021119164275499456,0.3786519416697146
74268,0.595516079503445,0.06546256827328922,0.1464735249244445,0.1925478272988213
74269,0.5955383380575324,0.07260540753213694,0.17580627314740566,0.15604998126292502
74270,6.887293949354905e-06,0.7879776183614736,4.9021241470751486e-05,0.21196647310310632
74271,0.6173841867771811,0.045998448159577744,0.12909322993347958,0.2075241351297616
74272,0.592639508645308,0.1000899243441606,0.06014671543968559,0.2471238515708457
74273,0.6019465340541279,0.05245319808311029,0.13740426434209518,0.20819600352066658
74274,0.003326606137872333,0.8168998176031277,0.003053164949663306,0.17672041130933674
74275,0.5477657348566721,0.12680165373017635,0.10403791352597457,0.22139469788717717
74276,0.077981287843672,0.5892953780607405,0.03433511114356602,0.29838822295202155
74277,0.5915982415734325,0.10471303218198653,0.08008505459710581,0.22360367164747522
74278,0.03065270180858316,0.662705053934459,0.007050018655741692,0.29959222560121607
74279,0.6069116907473205,0.04934773728533872,0.1020577335137259,0.2416828384536148
74280,0.06428119534941934,0.6535325946956736,0.011418882342460674,0.2707673276124464
74281,0.6242633955584076,0.08084298221456583,0.11429783079473725,0.18059579143228932
74282,0.026970983334515898,0.7086147875431577,0.011928031739471174,0.25248619738285527
74283,0.48401351210618876,0.1704577328219055,0.0857141281707102,0.2598146269011954
74284,6.786782237043364e-05,0.7502800631474574,8.048237254385127e-05,0.2495715866576283
74285,0.6220275978526127,0.07509309352586124,0.10765886668277402,0.1952204419387521
74286,0.029138348182943506,0.6943907002063422,0.014971199625521717,0.2614997519851927
74287,0.10912471061175237,0.5509066743027362,0.014907925238707357,0.3250606898468042
74288,0.05987690706767587,0.7103315975924053,0.022723751364085103,0.20706774397583383
74289,0.6181657980689825,0.05122521965555869,0.17349517660918604,0.15711380566627275
74290,0.5758979286668372,0.06555348258939492,0.20501218060145207,0.1535364081423157
74291,0.5946592765340537,0.08439303759115326,0.09529506082951004,0.22565262504528302
74292,0.599237125311736,0.027397449346779956,0.2522329747103499,0.12113245063113427
74293,0.0022461616064215926,0.7850431244213942,0.0012339113138078305,0.21147680265837632
74294,0.6240058548579492,0.04877655947820602,0.13951597770661772,0.187701607957227
74295,0.10843240764611974,0.56619730171818,0.012740222374771265,0.3126300682609291
74296,0.38094154852686435,0.23903234345596752,0.1279459624153614,0.2520801456018067
74297,0.5323561964739691,0.11037375389030615,0.12518076283701826,0.23208928679870636
74298,0.19995246744547845,0.43645947454192413,0.026056308983644555,0.33753174902895283
74299,0.5430633800111563,0.13788389511394747,0.0565800200674084,0.26247270480748786
74300,0.6232328993231855,0.04835786336939089,0.12564417121899862,0.202765066088425
74301,0.6245642947385011,0.037403976843908886,0.12760871716845976,0.21042301124913035
